3518.9558,507.82565,616.73016
3518.9558,507.82565,616.73016
3518.9558,507.82565,616.73016
3518.9558,507.82565,616.73016
3518.957,507.75098,616.73016
3518.957,507.75098,616.73016
3518.957,507.75098,616.73016
3518.9429,508.2548,616.73016
3518.9429,508.2548,616.73016
3518.9028,509.68973,616.73016
3518.8606,511.20566,616.73016
3518.8206,512.6451,616.73016
3518.7786,514.1475,616.73016
3518.736,515.6679,616.73016
3518.694,517.1748,616.73016
3518.6538,518.6188,616.73016
3518.6252,519.91,616.73016
3518.6252,519.91,616.73016
3518.6252,519.91,616.73016
3518.6252,519.91,616.73016
3518.6252,519.91,616.73016
3518.6252,519.91,616.73016
3518.6252,519.91,616.73016
3518.6223,520.3669,616.73016
3518.6326,522.6516,616.73016
3518.6528,524.9506,616.73016
3518.7102,527.34174,616.73016
3518.7725,529.6329,616.73016
3518.7908,530.3109,616.73016
3518.8066,530.99615,616.73016
3518.8557,533.40894,616.73016
3518.8906,535.6792,616.73016
3518.9294,538.21356,616.73016
3518.9314,538.3421,616.73016
3518.952,540.1484,616.73016
3518.9792,542.54016,616.73016
3518.9885,543.3469,616.73016
3519.0068,544.9533,616.73016
3519.033,547.238,616.73016
3519.0588,549.52264,616.73016
3519.0847,550.53955,616.73016
3519.0847,550.53955,616.73016
3519.0847,550.53955,616.73016
3519.0847,550.53955,616.73016
3519.0847,550.53955,616.73016
3519.0847,550.53955,616.73016
3519.0847,550.53955,616.73016
3519.0847,550.53955,616.73016
3519.0847,550.53955,616.73016
3519.0847,550.53955,616.73016
3519.0847,550.53955,616.73016
3519.0847,550.53955,616.73016
